Rank,Yield (lb/hr),Durability Loss,WT Bonus,WT Total,STR Bonus,STR Total
Novice,3.0,0%,0,0,0,0
F,3.6,0%,1,1,1,1
E,4.2,0%,1,2,1,2
D,4.8,0%,1,3,1,3
C,6.0,-5%,2,5,2,5
B,6.4,-5%,1,6,2,7
A,6.8,-5%,1,7,2,9
S,7.2,-5%,1,8,2,11
10,8.0,-10%,2,10,2,13
9,8.2,-10%,1,11,3,16
8,8.4,-10%,1,12,3,19
7,8.6,-10%,1,13,3,22
6,8.8,-10%,1,14,3,25
5,9.4,-15%,2,16,3,28
4,9.5,-15%,1,17,4,32
3,9.6,-15%,1,18,4,36
2,9.7,-15%,1,19,4,40
1,9.8,-20%,1,20,4,44
Master,10.0,-25%,5,25,6,50
